2.053e+00 5.691e-12 3.458e-13 3.335e-13
2.259e+00 4.943e-12 2.966e-13 2.860e-13
2.487e+00 3.475e-12 2.322e-13 2.231e-13
2.737e+00 2.908e-12 1.988e-13 1.909e-13
3.013e+00 2.305e-12 1.638e-13 1.570e-13
3.316e+00 1.607e-12 1.287e-13 1.227e-13
3.650e+00 1.336e-12 1.098e-13 1.046e-13
4.018e+00 8.900e-13 8.533e-14 8.078e-14
4.422e+00 6.787e-13 6.897e-14 6.497e-14
4.868e+00 5.651e-13 5.903e-14 5.552e-14
5.358e+00 4.752e-13 5.064e-14 4.755e-14
5.897e+00 3.068e-13 3.877e-14 3.605e-14
6.491e+00 2.557e-13 3.320e-14 3.080e-14
7.145e+00 1.945e-13 2.724e-14 2.512e-14
7.864e+00 1.513e-13 2.270e-14 2.082e-14
8.656e+00 1.542e-13 2.142e-14 1.975e-14
9.528e+00 1.274e-13 1.832e-14 1.683e-14
1.049e+01 6.304e-14 1.251e-14 1.119e-14
1.154e+01 4.963e-14 1.053e-14 9.354e-15
1.271e+01 2.843e-14 7.839e-15 6.796e-15
1.399e+01 4.126e-14 8.379e-15 7.440e-15
1.539e+01 2.161e-14 5.969e-15 5.133e-15
1.694e+01 8.745e-15 3.807e-15 3.061e-15
1.865e+01 1.448e-14 4.434e-15 3.762e-15
2.053e+01 9.171e-15 3.353e-15 2.749e-15
2.368e+01 3.471e-15 1.434e-15 1.179e-15
2.869e+01 3.944e-15 1.253e-15 1.043e-15
3.476e+01 1.948e-15 8.232e-16 6.516e-16
5.259e+01 1.895e-16 9.613e-17 7.345e-17
